version https://git-lfs.github.com/spec/v1
oid sha256:5411662dfb4300312b8d7ff992d77019ec6892d24b92e64e627881de23fd7412
size 91125
